<?xml version="1.0" encoding="UTF-8" standalone="no"?>
<!DOCTYPE svg PUBLIC "-//W3C//DTD SVG 20010904//EN"
              "http://www.w3.org/TR/2001/REC-SVG-20010904/DTD/svg10.dtd">

<svg xmlns="http://www.w3.org/2000/svg"
     width="15.9333in" height="17.7778in"
     viewBox="0 0 1434 1600">
  <path id="Selección"
        fill="none" stroke="black" stroke-width="1"
        d="M 12.00,459.00
           C 8.56,457.68 2.95,454.75 0.99,451.54
             -0.15,449.66 0.01,447.13 0.00,445.00
             -0.06,435.54 -0.56,433.23 2.51,424.00
             10.61,399.69 29.14,364.63 42.00,342.00
             42.00,342.00 60.04,311.00 60.04,311.00
             60.04,311.00 73.58,294.00 73.58,294.00
             73.58,294.00 108.17,252.00 108.17,252.00
             108.17,252.00 125.83,233.00 125.83,233.00
             142.51,214.56 159.61,193.72 178.00,177.17
             187.23,168.86 206.75,153.19 217.00,146.35
             217.00,146.35 242.00,130.95 242.00,130.95
             242.00,130.95 284.00,106.69 284.00,106.69
             284.00,106.69 300.00,98.31 300.00,98.31
             300.00,98.31 328.00,86.57 328.00,86.57
             328.00,86.57 394.00,60.05 394.00,60.05
             394.00,60.05 422.00,50.95 422.00,50.95
             422.00,50.95 449.00,40.60 449.00,40.60
             449.00,40.60 465.00,34.20 465.00,34.20
             465.00,34.20 507.00,23.29 507.00,23.29
             507.00,23.29 532.00,15.01 532.00,15.01
             532.00,15.01 583.00,7.85 583.00,7.85
             583.00,7.85 613.00,4.17 613.00,4.17
             613.00,4.17 649.00,1.91 649.00,1.91
             649.00,1.91 675.00,0.00 675.00,0.00
             675.00,0.00 693.00,0.00 693.00,0.00
             702.81,0.02 704.19,1.63 713.00,2.71
             713.00,2.71 738.00,4.91 738.00,4.91
             774.88,7.43 811.69,9.44 848.00,17.21
             848.00,17.21 906.00,34.58 906.00,34.58
             928.37,40.80 964.40,51.85 985.00,61.31
             1006.80,71.32 1042.07,96.55 1063.00,110.98
             1063.00,110.98 1098.00,134.66 1098.00,134.66
             1098.00,134.66 1131.00,156.43 1131.00,156.43
             1131.00,156.43 1157.00,177.34 1157.00,177.34
             1157.00,177.34 1179.00,192.92 1179.00,192.92
             1179.00,192.92 1192.00,201.24 1192.00,201.24
             1205.45,211.43 1217.64,224.40 1230.00,235.91
             1241.87,246.97 1255.03,257.82 1265.71,270.00
             1274.31,279.80 1281.27,290.36 1288.72,301.00
             1303.41,321.99 1317.56,343.90 1328.74,367.00
             1328.74,367.00 1334.30,380.00 1334.30,380.00
             1334.30,380.00 1338.49,392.00 1338.49,392.00
             1338.49,392.00 1344.74,404.00 1344.74,404.00
             1344.74,404.00 1363.31,446.00 1363.31,446.00
             1363.31,446.00 1374.15,488.00 1374.15,488.00
             1374.15,488.00 1387.85,534.00 1387.85,534.00
             1387.85,534.00 1390.65,548.00 1390.65,548.00
             1390.65,548.00 1397.72,576.00 1397.72,576.00
             1401.15,587.39 1403.84,589.30 1404.00,603.00
             1404.00,603.00 1404.83,628.00 1404.83,628.00
             1405.10,630.83 1404.73,635.64 1405.60,638.00
             1407.57,643.35 1413.09,644.44 1414.61,651.00
             1414.61,651.00 1415.30,661.00 1415.30,661.00
             1415.30,661.00 1418.83,683.00 1418.83,683.00
             1418.83,683.00 1421.08,712.00 1421.08,712.00
             1421.08,712.00 1427.27,733.00 1427.27,733.00
             1429.79,742.57 1433.98,769.36 1434.00,779.00
             1434.00,779.00 1434.00,787.00 1434.00,787.00
             1428.77,788.40 1428.55,793.25 1427.75,798.00
             1426.69,804.40 1427.03,810.54 1427.00,817.00
             1427.00,817.00 1426.00,833.00 1426.00,833.00
             1426.00,833.00 1426.00,851.00 1426.00,851.00
             1426.00,851.00 1424.96,861.00 1424.96,861.00
             1424.96,861.00 1424.96,870.00 1424.96,870.00
             1424.96,870.00 1420.42,900.00 1420.42,900.00
             1420.42,900.00 1416.05,934.00 1416.05,934.00
             1416.05,934.00 1412.16,967.00 1412.16,967.00
             1412.16,967.00 1407.20,1006.00 1407.20,1006.00
             1404.64,1019.23 1401.83,1021.81 1399.48,1031.00
             1399.48,1031.00 1393.63,1060.00 1393.63,1060.00
             1393.63,1060.00 1380.02,1105.00 1380.02,1105.00
             1380.02,1105.00 1357.67,1170.00 1357.67,1170.00
             1343.51,1202.19 1313.57,1253.09 1293.28,1282.00
             1293.28,1282.00 1260.13,1326.00 1260.13,1326.00
             1260.13,1326.00 1226.83,1369.99 1226.83,1369.99
             1226.83,1369.99 1200.00,1393.09 1200.00,1393.09
             1200.00,1393.09 1188.43,1404.17 1188.43,1404.17
             1188.43,1404.17 1180.83,1412.71 1180.83,1412.71
             1180.83,1412.71 1157.00,1433.00 1157.00,1433.00
             1157.00,1433.00 1123.00,1455.88 1123.00,1455.88
             1123.00,1455.88 1105.00,1468.98 1105.00,1468.98
             1105.00,1468.98 1092.00,1477.44 1092.00,1477.44
             1092.00,1477.44 1073.00,1490.58 1073.00,1490.58
             1073.00,1490.58 1024.00,1517.31 1024.00,1517.31
             1002.21,1529.09 954.18,1553.21 932.00,1561.58
             932.00,1561.58 909.00,1568.89 909.00,1568.89
             909.00,1568.89 889.00,1575.52 889.00,1575.52
             864.19,1581.91 847.09,1583.74 822.00,1586.17
             822.00,1586.17 798.00,1588.96 798.00,1588.96
             798.00,1588.96 789.00,1588.96 789.00,1588.96
             789.00,1588.96 777.00,1590.00 777.00,1590.00
             777.00,1590.00 760.00,1591.00 760.00,1591.00
             760.00,1591.00 728.00,1592.17 728.00,1592.17
             728.00,1592.17 696.00,1596.00 696.00,1596.00
             696.00,1596.00 658.00,1596.00 658.00,1596.00
             658.00,1596.00 645.00,1595.00 645.00,1595.00
             645.00,1595.00 624.00,1595.00 624.00,1595.00
             624.00,1595.00 584.00,1590.00 584.00,1590.00
             584.00,1590.00 562.00,1587.54 562.00,1587.54
             562.00,1587.54 534.00,1580.26 534.00,1580.26
             534.00,1580.26 503.00,1574.88 503.00,1574.88
             503.00,1574.88 495.00,1572.39 495.00,1572.39
             490.68,1571.48 488.83,1572.92 477.00,1570.12
             456.50,1565.26 436.36,1557.84 417.00,1549.58
             417.00,1549.58 382.00,1534.40 382.00,1534.40
             382.00,1534.40 363.00,1527.69 363.00,1527.69
             363.00,1527.69 329.00,1510.26 329.00,1510.26
             289.39,1489.82 265.04,1476.60 229.00,1449.12
             208.98,1433.85 192.12,1415.37 174.00,1398.04
             174.00,1398.04 165.00,1389.96 165.00,1389.96
             165.00,1389.96 150.91,1375.00 150.91,1375.00
             137.66,1360.78 124.34,1347.15 113.34,1331.00
             96.27,1305.92 77.81,1280.62 67.22,1252.00
             67.22,1252.00 59.61,1233.00 59.61,1233.00
             59.03,1231.11 57.71,1227.39 59.06,1225.76
             60.70,1223.51 65.84,1225.31 68.00,1225.76
             76.60,1228.15 84.95,1231.52 92.83,1235.62
             92.83,1235.62 122.47,1256.05 122.47,1256.05
             122.47,1256.05 131.72,1261.08 131.72,1261.08
             131.72,1261.08 155.59,1274.55 155.59,1274.55
             155.59,1274.55 189.00,1294.69 189.00,1294.69
             197.58,1298.60 210.70,1301.71 220.00,1304.42
             220.00,1304.42 242.00,1311.69 242.00,1311.69
             242.00,1311.69 264.00,1320.31 264.00,1320.31
             264.00,1320.31 310.00,1334.71 310.00,1334.71
             310.00,1334.71 329.00,1340.33 329.00,1340.33
             329.00,1340.33 362.00,1343.67 362.00,1343.67
             362.00,1343.67 389.00,1351.50 389.00,1351.50
             402.68,1354.64 424.04,1357.96 438.00,1359.00
             438.00,1359.00 447.00,1359.00 447.00,1359.00
             447.00,1359.00 459.00,1360.00 459.00,1360.00
             459.00,1360.00 494.00,1360.00 494.00,1360.00
             494.00,1360.00 514.00,1359.00 514.00,1359.00
             514.00,1359.00 524.00,1358.09 524.00,1358.09
             550.54,1356.26 563.23,1353.99 589.00,1347.88
             595.00,1346.46 610.58,1344.55 613.99,1339.78
             617.24,1335.25 615.60,1328.99 614.60,1324.00
             612.50,1313.47 609.05,1301.67 609.00,1291.00
             609.00,1291.00 608.34,1279.00 608.34,1279.00
             608.34,1279.00 609.00,1263.00 609.00,1263.00
             609.15,1250.71 612.96,1236.09 620.04,1226.00
             623.84,1220.58 628.44,1215.91 632.83,1211.00
             638.74,1204.40 649.51,1190.01 652.94,1182.00
             652.94,1182.00 655.29,1174.00 655.29,1174.00
             655.29,1174.00 657.57,1165.00 657.57,1165.00
             657.90,1160.08 653.10,1153.17 650.60,1149.00
             650.60,1149.00 640.36,1134.00 640.36,1134.00
             640.36,1134.00 631.85,1121.00 631.85,1121.00
             629.31,1117.50 622.52,1109.53 621.51,1106.00
             619.72,1099.70 624.90,1093.70 628.37,1089.00
             633.83,1081.62 647.50,1063.61 648.48,1055.00
             649.51,1045.99 640.71,1046.34 636.65,1040.94
             632.99,1036.08 629.72,1018.27 630.04,1012.00
             630.40,1005.10 636.01,997.82 639.68,992.00
             649.18,976.93 662.23,953.95 663.67,936.00
             663.97,932.30 663.03,930.20 661.36,927.00
             656.24,917.21 648.90,913.62 638.00,914.04
             638.00,914.04 606.00,918.00 606.00,918.00
             606.00,918.00 596.00,918.00 596.00,918.00
             596.00,918.00 577.00,919.00 577.00,919.00
             570.79,918.99 568.92,919.26 564.00,914.89
             562.14,913.24 553.98,905.59 553.19,903.83
             552.08,901.33 553.45,895.72 554.00,893.00
             556.34,881.55 560.05,876.35 564.20,866.00
             564.20,866.00 585.67,803.00 585.67,803.00
             585.67,803.00 603.95,754.00 603.95,754.00
             603.95,754.00 615.71,720.00 615.71,720.00
             618.55,712.90 623.04,713.44 624.68,709.00
             626.17,704.95 621.92,703.93 618.21,698.96
             618.21,698.96 600.39,671.00 600.39,671.00
             595.38,660.43 594.70,647.48 593.91,636.00
             593.91,636.00 593.00,625.00 593.00,625.00
             593.00,625.00 593.00,588.00 593.00,588.00
             593.00,588.00 594.00,572.00 594.00,572.00
             594.04,553.73 598.47,535.62 602.87,518.00
             606.31,504.26 614.14,476.01 614.00,463.00
             614.00,463.00 612.28,448.00 612.28,448.00
             612.28,448.00 611.00,428.00 611.00,428.00
             611.00,428.00 611.00,400.00 611.00,400.00
             611.01,394.03 612.28,378.79 613.45,373.00
             613.45,373.00 616.39,360.00 616.39,360.00
             616.39,360.00 621.73,333.00 621.73,333.00
             621.73,333.00 627.42,315.00 627.42,315.00
             628.62,311.78 630.35,308.48 629.11,305.00
             627.70,301.07 623.11,297.19 619.00,296.43
             619.00,296.43 593.00,298.00 593.00,298.00
             593.00,298.00 562.00,298.00 562.00,298.00
             562.00,298.00 545.00,297.00 545.00,297.00
             545.00,297.00 522.00,297.00 522.00,297.00
             512.16,297.02 508.14,299.80 499.00,302.65
             492.68,304.63 478.57,307.46 472.00,307.91
             456.24,308.99 442.86,301.56 428.00,302.51
             420.20,303.01 405.74,306.38 399.00,310.17
             399.00,310.17 384.00,321.12 384.00,321.12
             376.22,326.85 353.83,340.59 345.00,343.08
             332.26,346.67 309.93,346.84 296.00,348.17
             279.41,349.76 278.01,350.95 263.00,354.00
             263.00,354.00 249.00,356.42 249.00,356.42
             249.00,356.42 207.00,371.31 207.00,371.31
             207.00,371.31 159.00,388.86 159.00,388.86
             137.96,398.16 117.69,409.72 98.00,421.60
             87.89,427.70 67.60,441.88 58.00,445.53
             58.00,445.53 37.00,449.92 37.00,449.92
             37.00,449.92 22.00,451.92 22.00,451.92
             19.47,452.12 16.58,451.90 14.56,453.74
             13.08,455.08 12.60,457.18 12.00,459.00 Z
           M 332.00,338.00
           C 332.00,338.00 331.00,338.00 331.00,338.00
             331.00,338.00 332.00,339.00 332.00,339.00
             332.00,339.00 332.00,338.00 332.00,338.00 Z" />
</svg>
